# Input PSF: ../../00_reference/popc_t1pos.psf
# Input DCD, skip 50: ../../win01/01/win01.01.dcd ../../win01/02/win01.02.dcd ../../win01/03/win01.03.dcd {}

# Atom selections: resname,GBI1,and,name,N4 resname,GBI1,and,name,C1 resname,GBI1,and,name,N2 resname,GBI1,and,name,C

# Frame | Dihedral angle (degrees)
0	138.39523315429688
1	57.97834777832031
2	35.79567337036133
3	36.443748474121094
4	36.07173538208008
5	8.165740966796875
6	339.7760925292969
7	75.56827545166016
8	285.0590057373047
9	314.18311309814453
10	212.8766632080078
11	79.71353912353516
12	313.2977294921875
13	345.3643579483032
14	24.875032424926758
15	359.01334524154663
16	103.03353118896484
17	65.34996795654297
18	81.75200653076172
19	332.06408500671387
20	299.9687156677246
21	302.15858459472656
22	40.356266021728516
23	36.12546920776367
24	227.48631286621094
25	10.48365592956543
26	7.49357795715332
27	36.841556549072266
28	101.57005310058594
29	29.05352020263672
30	104.35591888427734
31	11.672261238098145
32	283.58766174316406
33	343.7249565124512
34	45.42932891845703
35	314.3863105773926
36	236.6299819946289
37	144.1099853515625
38	47.50897216796875
39	52.664512634277344
40	46.943458557128906
41	311.42378997802734
42	47.08121871948242
43	322.6139907836914
44	10.015478134155273
45	139.8062744140625
46	19.210214614868164
47	66.130615234375
48	76.58526611328125
49	23.789297103881836
50	42.327945709228516
51	317.4978561401367
52	212.47450256347656
53	224.157470703125
54	280.4273910522461
55	242.72168731689453
56	328.2067127227783
57	310.1425666809082
58	288.02142333984375
59	257.08724212646484
60	218.12860107421875
61	55.271793365478516
62	354.2783179283142
63	24.613262176513672
64	46.34711837768555
65	25.54340934753418
66	351.86796283721924
67	31.56793212890625
68	137.0736846923828
69	24.696733474731445
70	22.91101837158203
71	313.993839263916
72	49.86345291137695
73	57.98094177246094
74	358.8817672729492
75	37.91914367675781
76	25.9847354888916
77	351.7422857284546
78	60.84010696411133
79	316.3737907409668
80	50.43681716918945
81	326.8337631225586
82	5.667086124420166
83	331.50146675109863
84	42.26767349243164
85	307.52138900756836
86	291.99742126464844
87	40.41176986694336
88	321.77420806884766
89	333.11159896850586
90	34.606468200683594
91	34.519203186035156
92	48.72511672973633
93	68.86614227294922
94	41.34424591064453
95	317.047550201416
96	41.052860260009766
97	333.3603630065918
98	136.95355224609375
99	50.476192474365234
100	48.7829704284668
101	323.668270111084
102	29.74737548828125
103	66.83399963378906
104	20.60544776916504
105	43.68950653076172
106	335.865385055542
107	30.235034942626953
108	69.04798126220703
109	136.44189453125
110	143.9847869873047
111	313.33923721313477
112	47.08346939086914
113	34.18367004394531
114	325.28334045410156
115	314.4186477661133
116	329.4424648284912
117	242.3905792236328
118	340.06616020202637
119	61.221675872802734
120	51.975528717041016
121	83.11254119873047
122	312.79822158813477
123	49.04874038696289
124	351.9896306991577
125	22.30508804321289
126	293.79331970214844
127	321.7147216796875
128	297.56103134155273
129	44.28545379638672
130	11.780435562133789
131	333.76738357543945
132	349.4204521179199
133	14.215798377990723
134	42.942256927490234
135	41.725555419921875
136	59.10183334350586
137	339.4761257171631
138	328.1207466125488
139	20.809892654418945
140	55.548072814941406
141	21.424894332885742
142	309.8755569458008
143	110.26837158203125
144	74.60405731201172
145	149.16366577148438
146	283.03885650634766
147	278.4199676513672
148	48.417232513427734
149	339.0606441497803
150	2.7608964443206787
151	351.65568447113037
152	142.0765380859375
153	238.86287689208984
154	53.356201171875
155	50.43328094482422
156	325.2073440551758
157	11.5068998336792
158	331.70205307006836
159	24.50493049621582
160	45.4384651184082
161	330.25272941589355
162	22.543895721435547
163	322.98165130615234
164	331.0753688812256
165	329.72257804870605
166	53.7044792175293
167	328.5229797363281
168	44.59223556518555
169	53.94892501831055
170	28.063522338867188
171	83.60269165039063
172	341.24391174316406
173	78.39347839355469
174	23.90510368347168
175	334.20996475219727
176	19.030725479125977
177	327.9416160583496
178	231.9314422607422
179	42.61787414550781
180	81.39789581298828
181	333.433162689209
182	24.520925521850586
183	321.5127754211426
184	337.6476745605469
185	289.84007263183594
186	129.7921142578125
187	163.2100830078125
188	287.0718536376953
189	24.038652420043945
190	27.919076919555664
191	309.1990547180176
192	23.830318450927734
193	334.3097496032715
194	27.616851806640625
195	328.25664710998535
196	326.4039726257324
197	29.699838638305664
198	348.0405979156494
199	201.64820861816406
200	298.6966896057129
201	39.69014358520508
202	25.824295043945313
203	290.55133056640625
204	1.6236270666122437
205	295.96297454833984
206	30.7769832611084
207	290.0465545654297
208	9.349513053894043
209	37.4942741394043
210	257.17420196533203
211	28.484163284301758
212	339.94197845458984
213	334.4529113769531
214	316.24438858032227
215	11.12407112121582
216	348.2645606994629
217	293.20054626464844
218	50.0848503112793
219	273.8405532836914
220	243.12994384765625
221	39.5320930480957
222	64.50675964355469
223	43.89824295043945
224	12.485982894897461
225	323.4729194641113
226	291.25821685791016
227	103.1900405883789
228	322.76469802856445
229	107.56063842773438
230	101.14354705810547
231	327.49920654296875
232	278.3845901489258
233	33.19057083129883
234	35.131980895996094
235	314.27587127685547
236	288.33409881591797
237	302.08756256103516
238	304.1278495788574
239	41.424896240234375
240	88.54924011230469
241	288.3411560058594
242	52.11812973022461
243	157.15797424316406
244	34.60045623779297
245	347.8214979171753
246	336.205379486084
247	15.625167846679688
248	233.77411651611328
249	346.02812004089355
250	144.43251037597656
251	115.118408203125
252	338.009126663208
253	357.43099212646484
254	355.55155420303345
255	348.2631435394287
256	305.3666572570801
257	311.8901672363281
258	294.55379486083984
259	342.4572811126709
260	70.42579650878906
261	6.868921279907227
262	344.2624750137329
263	322.4328269958496
264	119.35606384277344
265	273.33380126953125
266	211.93194580078125
267	211.87570190429688
268	65.44219207763672
269	329.86699867248535
270	42.41959762573242
271	17.298274993896484
272	299.1415100097656
273	318.0078239440918
274	322.6831817626953
275	289.903564453125
276	37.654808044433594
277	43.69546890258789
278	60.61856460571289
279	144.30628967285156
280	266.62174224853516
281	42.329097747802734
282	209.10272216796875
283	142.50953674316406
284	221.85519409179688
285	107.78272247314453
286	345.12905979156494
287	313.44327545166016
288	352.7669596672058
289	39.685550689697266
290	307.07992935180664
291	132.34451293945313
292	48.71696472167969
293	69.15931701660156
294	250.99506378173828
295	331.550537109375
296	331.87449836730957
297	54.381263732910156
298	38.91524124145508
299	61.919456481933594
300	292.97953033447266
301	80.6603012084961
302	298.54361724853516
303	338.48923683166504
304	16.673377990722656
305	50.761531829833984
306	307.72236251831055
307	78.13525390625
308	311.1663932800293
309	78.3004379272461
310	13.474478721618652
311	292.5863952636719
312	55.19509506225586
313	206.05661010742188
314	323.96533203125
315	77.54261779785156
316	82.09855651855469
317	14.25967788696289
318	331.5389404296875
319	325.77516174316406
320	36.4400749206543
321	332.6648368835449
322	342.18627166748047
323	46.608665466308594
324	57.65550994873047
325	327.74474716186523
326	40.887001037597656
327	150.66830444335938
328	203.5990447998047
329	93.16707611083984
330	28.33099365234375
331	336.529390335083
332	205.0312042236328
333	34.63766860961914
334	342.42043685913086
335	321.3647155761719
336	72.6078109741211
337	299.3395805358887
338	324.3270263671875
339	295.7301025390625
340	331.02023124694824
341	326.88729095458984
342	323.47884368896484
343	333.3121032714844
344	57.55316925048828
345	323.0482940673828
346	70.2606201171875
347	35.955810546875
348	132.70997619628906
349	239.9955596923828
350	178.90528869628906
351	333.4126625061035
352	3.2200586795806885
353	224.5953369140625
354	296.472225189209
355	277.9774475097656
356	75.50205993652344
357	16.011201858520508
358	33.04949188232422
359	28.505714416503906
360	28.19608497619629
361	271.40479278564453
362	316.85058975219727
363	261.39588928222656
364	56.822845458984375
365	27.654634475708008
366	61.972110748291016
367	87.34247589111328
368	62.191497802734375
369	46.914005279541016
370	288.39725494384766
371	44.24094772338867
372	340.69726181030273
373	283.63829040527344
374	48.2040901184082
375	46.347591400146484
376	64.20416259765625
377	309.0917854309082
378	45.85622787475586
379	324.78195571899414
380	306.5443649291992
381	121.57769775390625
382	23.77518081665039
383	329.9959964752197
384	292.2356872558594
385	241.66717529296875
386	144.9193115234375
387	350.0429401397705
388	35.79319763183594
389	316.6243591308594
390	318.8172035217285
391	15.795844078063965
392	0.3284533619880676
393	25.879638671875
394	298.57476806640625
395	42.75075912475586
396	322.84900665283203
397	220.32757568359375
398	266.8236999511719
399	31.387601852416992
400	34.47328567504883
401	31.944307327270508
402	62.175758361816406
403	40.57988739013672
404	21.741254806518555
405	37.35924530029297
406	302.66558837890625
407	290.29893493652344
408	229.2945556640625
409	240.7107696533203
410	313.86620712280273
411	77.29435729980469
412	307.8860092163086
413	225.914794921875
414	151.8444061279297
415	353.37138843536377
416	42.008636474609375
417	28.946386337280273
418	94.46572875976563
419	17.948665618896484
420	232.91353607177734
421	39.405372619628906
422	332.979700088501
423	88.87899017333984
424	319.3683395385742
425	43.95828628540039
426	219.6696014404297
427	246.6569595336914
428	30.90079116821289
429	225.27394104003906
430	257.80684661865234
431	332.0453681945801
432	306.61427307128906
433	9.390464782714844
434	20.257244110107422
435	36.58967971801758
436	260.7354278564453
437	93.2774429321289
438	246.55980682373047
439	66.48431396484375
440	55.84720993041992
441	70.77828216552734
442	284.0719223022461
443	316.4470634460449
444	32.032127380371094
445	333.56343269348145
446	17.06904411315918
447	54.614383697509766
448	314.13426208496094
449	328.41217041015625
450	333.63323974609375
451	148.556396484375
452	281.6722869873047
453	290.81233978271484
454	309.962833404541
455	39.61193084716797
456	16.880962371826172
457	331.6513500213623
458	69.65564727783203
459	52.32191467285156
460	45.463897705078125
461	34.17616271972656
462	107.50037384033203
463	32.401336669921875
464	64.5487060546875
465	58.534637451171875
466	155.65086364746094
467	53.43941116333008
468	18.631885528564453
469	113.71827697753906
470	327.6907196044922
471	54.99911880493164
472	29.23062515258789
473	328.3494873046875
474	232.1366424560547
475	0.48081105947494507
476	231.68531799316406
477	270.6842727661133
478	15.971352577209473
479	38.05485153198242
480	58.29543685913086
481	28.361955642700195
482	91.98259735107422
483	45.282779693603516
484	44.45501708984375
485	84.7374496459961
486	336.7295970916748
487	325.0397605895996
488	317.498722076416
489	36.935302734375
490	68.01172637939453
491	321.0337257385254
492	290.7913284301758
493	321.73820877075195
494	80.24142456054688
495	161.615478515625
496	290.16480255126953
497	49.09104919433594
498	24.107622146606445
499	319.65974044799805
500	327.1235122680664
501	125.07121276855469
502	55.41975021362305
503	122.43036651611328
504	26.40991973876953
505	286.5224609375
506	355.61488676071167
507	282.86966705322266
508	68.25740051269531
509	207.05322265625
510	37.756072998046875
511	19.6708984375
512	290.3117446899414
513	13.812264442443848
514	358.95640420913696
515	55.881927490234375
516	115.08551788330078
517	281.54945373535156
518	359.51451393961906
519	113.15184020996094
520	199.2655792236328
521	10.800348281860352
522	326.3064079284668
523	249.86468505859375
524	303.5209503173828
525	355.18244457244873
526	341.0204200744629
527	339.756778717041
528	350.2808361053467
529	330.40527534484863
530	208.3635711669922
531	232.3691177368164
532	325.9524955749512
533	329.77855682373047
534	310.84833908081055
535	163.64373779296875
536	49.136756896972656
537	339.2029914855957
538	232.99929809570313
539	33.50432205200195
540	157.18289184570313
541	226.78216552734375
542	117.49553680419922
543	295.23001861572266
544	346.00078868865967
545	348.3676233291626
546	330.2188549041748
547	83.8797836303711
548	319.213191986084
549	282.7893753051758
550	336.084171295166
551	46.37510681152344
552	214.734619140625
553	242.9337387084961
554	281.5194396972656
555	328.9607925415039
556	331.82999420166016
557	42.44114685058594
558	106.49317932128906
559	220.64991760253906
560	6.417140960693359
561	247.5679931640625
562	329.89998054504395
563	300.0721130371094
564	304.8699378967285
565	332.02660369873047
566	130.9744873046875
567	119.23839569091797
568	343.5448799133301
569	324.1528663635254
570	5.681503772735596
571	265.31713104248047
572	335.64636611938477
573	69.33316802978516
574	316.1870765686035
575	286.98580169677734
576	128.7845001220703
577	343.5172538757324
578	148.5310516357422
579	280.0235366821289
580	331.5688419342041
581	319.979923248291
582	30.24650001525879
583	324.1840057373047
584	61.57236099243164
585	329.0334663391113
586	50.410152435302734
587	310.89643478393555
588	32.257110595703125
589	199.6125030517578
590	338.9782314300537
591	32.95296096801758
592	40.55868911743164
593	316.61903381347656
594	66.38324737548828
595	290.5323715209961
596	344.8438768386841
597	331.38661193847656
598	231.9396209716797
599	240.5274658203125
600	49.12587356567383
