# Data from files:
#  ../../00_main/18629-19_R211S.psf
#  ../../FEP_F/lambda_09/alchemy09.dcd {}

# Res | RMSF (Angstroms)
88	1.0518161058425903
89	0.9152228832244873
90	0.9767245054244995
91	0.9299654364585876
92	0.700522780418396
93	0.6182469725608826
94	0.9864280819892883
95	0.8305953145027161
96	0.9908217787742615
97	1.1931743621826172
98	1.0147700309753418
99	1.4576369524002075
100	1.1150760650634766
101	0.7654598951339722
102	0.9489994049072266
103	0.7383803725242615
104	0.5667668581008911
105	0.6121261119842529
106	0.5825403928756714
107	0.3994245231151581
108	0.3876388669013977
109	0.39004093408584595
110	0.41212382912635803
111	0.42356255650520325
112	0.30217206478118896
113	0.3304974436759949
114	0.3868919014930725
115	0.37331992387771606
116	0.2980991005897522
117	0.3731652796268463
118	0.3701569736003876
119	0.3903256356716156
120	0.34477725625038147
121	0.46780577301979065
122	0.4727768003940582
123	0.38650941848754883
124	0.46154990792274475
125	0.706229031085968
126	0.692048966884613
127	0.7316347360610962
128	1.2610580921173096
129	1.0122672319412231
130	1.3009331226348877
131	1.9618901014328003
132	1.2079120874404907
133	0.8662070035934448
134	1.2002686262130737
135	0.8239452838897705
136	0.6004907488822937
137	0.793897807598114
138	0.7420168519020081
139	0.6182750463485718
140	0.5636520981788635
141	0.6734948754310608
142	0.5844151377677917
143	0.41697418689727783
144	0.5073627829551697
145	0.40539413690567017
146	0.40292540192604065
147	0.5898120403289795
148	0.43968039751052856
149	0.43991073966026306
150	0.3917427361011505
151	0.44741180539131165
152	0.8141036629676819
153	0.37779393792152405
154	0.45476019382476807
155	0.46621787548065186
156	0.5079938173294067
157	0.43245968222618103
158	0.6102311015129089
159	0.6112017035484314
160	0.5653479695320129
161	0.6240131855010986
162	0.7315207123756409
163	0.8839070200920105
164	0.9096075296401978
165	1.0927866697311401
166	1.157305359840393
167	1.176863431930542
168	0.6014077663421631
169	0.766841471195221
170	0.7846307158470154
171	0.4895916283130646
172	0.4676811099052429
173	0.5897985100746155
174	0.5035437941551208
175	0.47276395559310913
176	0.5317395925521851
177	0.5321232676506042
178	0.45099395513534546
179	0.4623502790927887
180	0.49497854709625244
181	0.403020441532135
182	0.4477636218070984
183	0.5091657638549805
184	0.42863741517066956
185	0.347046822309494
186	0.48628079891204834
187	0.46337229013442993
188	0.3918338119983673
189	0.4739769399166107
190	0.6699727177619934
191	0.8255589604377747
192	0.49121037125587463
193	1.1104159355163574
194	0.7403675317764282
195	0.8359552621841431
196	1.1331920623779297
197	0.7521907091140747
198	0.7337889075279236
199	0.6333127021789551
200	0.5807372331619263
201	0.4757174849510193
202	0.5371819138526917
203	0.5254111289978027
204	0.47248438000679016
205	0.35609814524650574
206	0.4190514087677002
207	0.3870869576931
208	0.2621510922908783
209	0.3586452305316925
210	0.3619898557662964
211	0.3177242875099182
212	0.3758249878883362
213	0.5120013952255249
214	0.4203011095523834
215	0.41833192110061646
216	0.544606626033783
217	0.45069000124931335
218	0.5251642465591431
219	0.5614721775054932
220	0.623989999294281
221	0.7703741788864136
222	0.6592888236045837
223	0.46313637495040894
224	0.6726678609848022
225	0.5482531189918518
226	0.5512961745262146
227	1.200525164604187
228	0.8153524398803711
229	1.5691581964492798
230	2.8806397914886475
