# Input PSF: ../../step6_ligAndIon/taut1_charged/popc_t1pos.psf
# Input DCD, skip 50: npt01.dcd
# VMD selection tail: resname,GBI1,and,name,C4
# VMD selection head: resname,GBI1,and,name,C
# calc_sel_orient resname,GBI1,and,name,C4 resname,GBI1,and,name,C orient_gbi1

0	0.5268182138121766
1	0.7415229917121311
2	0.5602604523257191
3	0.8206665066051146
4	0.34052987048672834
5	-0.14881055467146584
6	-0.05521687807902627
7	-0.05467896770262573
8	-0.9087086026167916
9	-0.33154816789223707
10	0.7348252381999469
11	-0.5376481169364666
12	-0.7593051763760044
13	0.030319765529245434
14	-0.18581929870285538
15	0.9351098704038504
16	0.7216916131172135
17	0.6102846210924325
18	0.7253054722017813
19	-0.21747034890776623
20	0.6744912511407679
21	0.014276304123477582
22	-0.06010521233641625
23	0.8017042989706751
24	0.7181845491741486
25	0.94090033828549
26	0.8507060292519237
27	0.960033363617546
28	0.8888031314672585
29	0.9163446937595755
30	0.9419167038300426
31	0.9423651333156775
32	0.494649210957221
33	0.35776524786643826
34	0.5362506286712829
35	0.5927213133674694
36	0.8139961721656023
37	0.8605845695856583
38	0.9747515528505575
39	0.8007452093786613
40	0.8637075766778752
41	0.7842009163812023
42	0.8354303876641528
43	0.9151074408081913
44	0.9914206962244754
45	0.9719528987509244
46	0.9845414324848336
47	0.974058019060337
48	0.996660603301389
49	0.9485075873450917
50	0.968471595062316

